10 380 540
14 3 12 1 7 3 10 1 7 1 10 3 24 1 7 5 10 3 7 2 24 1 7 2 10 2 7 1 10 1 7 2 12 1 14 3
14 3 12 1 7 4 10 1 7 1 10 2 24 1 7 5 10 2 7 1 10 1 7 1 24 1 7 2 10 1 7 1 10 1 7 3 12 1 14 3
14 3 12 1 7 5 10 1 7 1 10 1 24 1 7 5 10 3 7 2 24 1 7 2 10 2 7 1 10 1 7 2 12 1 14 3
14 4 12 1 7 5 10 1 7 1 10 1 24 1 7 4 10 2 7 1 10 1 24 1 7 3 10 1 7 1 10 1 7 2 12 1 14 4
14 4 12 1 7 4 10 1 7 1 10 2 24 1 7 4 10 3 7 1 24 1 7 3 10 2 7 3 12 1 14 4
14 4 12 1 7 5 10 1 9 2 24 1 7 4 10 2 7 1 10 1 24 1 9 2 7 1 10 1 7 4 12 1 14 4
13 1 14 4 12 1 7 4 9 1 7 1 10 1 24 1 7 4 10 3 7 1 24 1 7 2 9 1 10 1 7 3 12 1 14 4
14 1 13 1 14 4 12 2 9 2 10 2 7 1 24 1 7 4 10 2 7 1 10 1 24 1 7 2 10 1 9 2 12 2 14 4 13 1
13 1 14 1 13 1 14 1 13 1 14 2 12 1 7 2 10 1 7 1 10 1 24 1 7 4 10 3 7 1 24 1 7 2 10 1 7 2 12 1 14 2 13 1 14 1 13 1 14 1
14 2 13 2 14 1 13 1 14 2 12 1 7 2 10 3 24 1 7 3 10 2 7 1 24 1 7 2 10 1 7 1 10 1 12 1 14 2 13 1 14 1 13 4
14 4 13 1 14 1 13 1 14 2 12 1 7 2 10 2 24 1 7 3 10 3 24 1 7 1 10 1 7 1 10 1 12 1 14 2 13 1 14 1 13 3 14 2
14 7 13 1 14 2 12 2 7 1 10 2 24 1 7 2 10 2 24 1 7 1 10 1 7 1 12 2 14 2 13 1 14 1 13 2 14 4
14 8 13 1 14 2 23 5 24 1 7 1 10 1 24 1 23 5 14 2 13 1 14 1 13 1 14 6
14 8 23 3 21 1 3 3 21 1 23 1 7 1 10 1 23 1 21 1 3 3 21 1 23 3 13 1 14 7
14 6 23 2 3 2 21 7 23 2 21 7 3 2 23 2 14 6
14 5 23 1 21 1 3 1 21 2 23 5 21 6 23 5 21 2 3 1 21 1 23 1 14 5
13 2 14 3 3 1 21 2 23 2 24 5 23 1 21 4 23 1 24 5 23 2 21 2 3 1 23 1 14 2 13 2
16 2 13 2 23 1 21 2 23 1 24 5 6 3 23 1 21 2 23 1 6 3 24 5 23 1 21 2 23 1 13 2 16 2
16 3 23 1 3 1 21 1 23 1 24 6 6 4 23 2 6 4 24 6 23 1 21 1 3 1 23 1 16 3
16 3 21 2 23 1 24 5 6 12 24 5 21 2 23 1 16 5
16 2 23 1 3 1 21 1 23 1 24 4 6 3 5 10 6 3 24 5 21 1 3 1 23 1 16 2
16 2 23 1 3 1 21 1 24 4 6 3 5 12 6 3 24 4 21 1 3 1 23 1 16 2
16 2 23 1 3 1 21 1 24 1 6 1 24 1 11 20 24 1 6 1 24 1 21 1 3 1 23 1 16 2
16 2 23 1 3 1 21 1 24 2 6 2 5 18 6 2 24 2 21 1 3 1 23 1 16 2
16 2 23 1 3 1 21 1 24 2 11 2 24 6 11 6 24 6 11 2 24 2 21 1 3 1 23 1 16 2
13 2 23 1 3 1 21 1 24 2 11 1 24 1 11 6 24 1 11 4 24 1 11 6 24 1 11 1 24 2 21 1 3 1 23 1 13 2
14 2 23 1 3 1 21 1 24 2 11 3 24 4 11 8 24 4 11 3 24 2 21 1 3 1 23 1 14 2
14 2 23 1 3 1 21 1 24 1 11 3 24 1 25 1 24 2 25 1 24 1 11 6 24 1 25 1 24 2 25 1 24 1 11 1 24 1 21 1 3 1 23 1 14 4
14 2 23 1 3 1 21 1 23 1 11 24 23 1 21 1 3 1 23 1 14 2
14 2 23 1 3 1 21 1 23 1 5 8 11 8 5 8 23 1 21 1 3 1 23 1 14 2
14 2 23 1 3 1 21 1 23 1 11 8 5 8 11 8 23 1 21 1 3 1 23 1 14 2
14 2 23 1 3 1 21 1 23 1 5 24 23 1 21 1 3 1 23 1 14 2
14 1 24 1 23 1 3 1 21 1 23 1 5 9 23 2 5 2 23 2 5 9 23 1 21 1 3 1 23 1 24 1
24 1 13 1 23 1 3 1 21 1 23 2 5 8 6 2 23 2 6 2 5 8 23 2 21 1 3 1 23 1 13 1
13 2 23 1 3 1 21 1 23 1 6 1 23 1 5 8 6 4 5 8 23 1 6 1 23 1 21 1 3 1 23 1 13 2
13 2 23 1 3 1 21 1 23 2 6 1 23 1 5 6 6 1 5 1 6 2 5 1 6 1 5 6 23 1 6 1 23 2 21 1 3 1 23 1 13 2
13 2 23 1 21 2 23 3 6 1 23 1 5 3 23 1 5 2 23 4 5 2 23 1 5 3 23 1 6 1 23 3 21 2 23 1 13 2
13 2 23 1 21 2 23 2 6 3 5 4 23 8 5 4 6 3 23 2 21 2 23 1 13 2
13 3 23 1 3 1 23 1 24 1 23 1 6 3 5 14 6 3 23 1 24 1 23 1 3 1 23 1 13 3
13 3 23 1 3 1 23 1 24 2 23 1 6 3 5 5 23 2 5 5 6 3 23 1 24 2 23 1 3 1 23 1 13 3
13 2 24 1 23 1 3 1 23 1 24 3 23 1 6 1 5 1 6 1 5 1 6 1 5 2 6 2 5 2 6 1 5 1 6 1 5 1 6 1 24 4 23 1 3 1 23 1 24 1 13 2
13 1 24 1 16 1 23 1 3 1 23 1 18 1 24 2 23 1 6 2 5 10 6 1 5 1 6 2 24 3 18 1 23 1 3 1 23 1 16 1 24 1
13 1 24 1 16 1 23 1 3 1 23 1 18 1 24 3 23 1 6 2 5 1 6 1 5 6 6 1 5 1 6 2 24 3 18 2 23 1 3 1 23 1 16 1 24 1
24 1 16 2 23 1 3 1 23 1 18 1 24 3 6 1 23 1 6 2 5 1 6 6 5 1 6 2 23 1 24 4 18 1 23 1 3 1 23 1 16 2
16 3 23 1 3 1 23 1 24 4 6 2 23 12 6 1 24 5 23 1 3 1 23 1 16 3
16 3 23 1 21 1 23 1 24 4 6 3 23 1 6 1 23 1 6 1 23 1 6 1 23 1 6 1 23 1 6 1 23 1 6 1 24 5 23 1 21 1 23 1 16 3
16 3 23 1 21 1 23 1 24 4 6 4 23 1 6 1 23 1 6 1 23 1 6 1 23 1 6 1 23 1 6 2 24 4 23 1 21 1 23 1 16 4
16 3 23 1 3 1 23 1 24 4 6 1 5 1 6 3 23 1 6 1 23 1 6 1 23 1 6 1 23 1 6 2 5 1 6 1 24 4 23 1 3 1 23 1 16 3
16 3 23 1 21 1 23 1 24 4 6 1 5 2 6 10 5 2 6 3 24 2 23 1 21 1 23 1 16 3
16 1 24 2 23 1 21 1 23 1 24 2 6 1 24 1 5 5 6 6 5 5 6 4 23 1 21 1 23 1 24 2
24 1 13 2 23 1 21 1 23 1 24 1 6 1 5 1 24 1 5 18 6 2 23 1 21 1 23 1 13 2
13 3 23 1 21 1 23 1 6 2 5 2 24 1 5 17 6 2 23 1 21 1 23 1 13 3