10 440 240
4 42
4 42
4 3 1 12 2 12 3 12 4 3
4 3 1 12 2 12 3 12 4 3
4 3 1 12 2 12 3 12 4 3
4 42
4 42
4 3 1 12 2 12 3 12 4 3
4 3 1 12 2 12 3 12 4 3
4 3 1 12 2 12 3 12 4 3
4 42
4 42
4 3 1 12 2 12 3 12 4 3
4 3 1 12 2 12 3 12 4 3
4 3 1 12 2 12 3 12 4 3
4 42
4 42
4 3 1 2 2 2 3 2  1 2 2 2 3 2  1 2 2 2 3 2  1 2 2 2 3 2  1 2 2 2 3 2  1 2 2 2 3 2 4 3
4 3 1 2 2 2 3 2  1 2 2 2 3 2  1 2 2 2 3 2  1 2 2 2 3 2  1 2 2 2 3 2  1 2 2 2 3 2 4 3
4 3 1 2 2 2 3 2  1 2 2 2 3 2  1 2 2 2 3 2  1 2 2 2 3 2  1 2 2 2 3 2  1 2 2 2 3 2 4 3
4 42
4 42